3.457174683644448123e+03
2.917028310252309893e+03
2.417027050410562879e+03
1.969484847236184351e+03
1.555670728235115121e+03
1.179139530479540781e+03
8.434365142456957756e+02
5.535932375625953910e+02
4.413702092404469113e+02
4.899148197486886147e+02
3.988634970317802981e+02
4.446641445972792894e+02
4.146959557954886577e+02
4.328151876522859993e+02
4.467967540438999663e+02
4.534706483643484489e+02
4.821558725245272967e+02
4.764094919319275618e+02
5.027343224589207580e+02
4.930328517941129576e+02
5.234648119106559534e+02
5.164909972698510501e+02
5.400196266774698870e+02
5.407869946841190085e+02
5.512049205983594220e+02
5.557287560580826948e+02
5.621778475197174885e+02
5.646680558666874958e+02
5.731648585223299506e+02
5.764138398119525846e+02
5.858060373080365935e+02
5.968381868538658637e+02
6.096188599032939237e+02
6.240601110629266941e+02
6.381640571652267226e+02
6.501688991063758749e+02
6.620513007867468787e+02
6.743397743980253836e+02
6.884806386477235947e+02
7.037096572722495011e+02
7.178152594366622452e+02
7.322023699081881887e+02
7.487387787903614935e+02
7.645307507739906896e+02
7.772296235788486456e+02
7.877452049225369137e+02
7.978327476284179056e+02
8.059854576913916162e+02
8.148316091963673671e+02
8.243960210301592042e+02
8.336132021656915185e+02
8.457575768451548583e+02
8.579215069206201179e+02
8.717044601932847172e+02
8.846421793498055877e+02
8.985828010812144839e+02
9.113779366455728450e+02
9.218906240254721070e+02
9.293768812534586914e+02
9.361131849891868342e+02
9.425887092334544377e+02
9.485611391340328282e+02
9.551063815645537716e+02
9.622320363269645895e+02
9.704022866126622375e+02
9.795827344267903527e+02
9.890827405760061311e+02
9.991304664416768446e+02
1.009596366830296120e+03
1.020199891798910471e+03
1.029237487579425760e+03
1.038084116117085159e+03
1.046689195962471786e+03
1.055986841146080906e+03
1.065135428747944616e+03
1.074707431980072897e+03
1.084887325348573768e+03
1.097037698533528101e+03
1.110370908673332906e+03
1.121660024666764684e+03
1.131133829460912239e+03
1.139290715260766774e+03
1.148654460551475040e+03
1.158656216412458434e+03
1.169452646497773912e+03
1.179956903328049293e+03
1.190503488692773772e+03
1.200941365736696980e+03
1.212001390702523622e+03
1.223128859853989525e+03
1.235472305533972076e+03
1.249401822130919982e+03
1.263022259046822910e+03
1.276106510623885242e+03
1.287725755934898643e+03
1.299198974684916493e+03
1.311329434840807608e+03
1.322801783396344945e+03
1.333447846986658078e+03
1.343291690976737300e+03
1.353081499111280891e+03
1.363472740234445382e+03
1.373934686788659519e+03
1.384913233520378299e+03
1.396611357244637020e+03
1.410211330021629692e+03
1.423985024837880246e+03
1.437993085388870213e+03
1.452743056986752208e+03
1.469588357831815074e+03
1.486384837855759315e+03
1.501354967099510532e+03
1.514685225855698036e+03
1.528863600673858173e+03
1.543855814218785326e+03
1.558939626901882320e+03
1.573529331658083265e+03
1.587836075528262427e+03
1.602494424609736825e+03
1.615797727313655287e+03
1.627864914716803014e+03
1.639181391282570075e+03
1.650590580931450177e+03
1.662382027030429072e+03
1.675028243463292256e+03
1.687951447249170997e+03
1.702145376657229690e+03
1.715467884434670850e+03
1.728506432331112137e+03
1.741750564358976590e+03
1.756337401291439392e+03
1.770406810762771329e+03
1.783494552999400639e+03
1.795814665619831885e+03
1.807701052820766563e+03
1.819460563313954253e+03
1.833201410796214532e+03
1.846740708256272228e+03
1.859290354175309858e+03
1.872010955004101106e+03
1.885246489357934024e+03
1.897484245426415328e+03
1.910919806330699203e+03
1.926389962684078455e+03
1.943919968474107463e+03
1.962563648105431866e+03
1.979166915130719190e+03
1.994006219667852292e+03
2.008836471431786777e+03
2.025212117253993256e+03
2.042846230300123580e+03
2.058306099349500073e+03
2.072235113457656553e+03
2.083790365578342062e+03
2.092451646715952393e+03
2.100791210734605556e+03
2.110640322198104514e+03
2.123089184254827160e+03
2.137038439105122961e+03
2.153884995254477872e+03
2.171739400666460824e+03
2.190177293156983978e+03
2.208387974554383618e+03
2.227480700509417147e+03
2.245641382903457725e+03
2.263906339493252744e+03
2.282759658004371431e+03
2.302740883900382414e+03
2.322297677361756087e+03
2.339026450574539467e+03
2.354432869543788001e+03
2.371276816291962859e+03
2.390267420639797820e+03
2.411294513558572362e+03
2.431449203462053447e+03
2.450428707388218299e+03
2.468800939440838192e+03
2.486444316532452376e+03
2.502540418615958515e+03
2.518218546059341861e+03
2.533968031764321950e+03
2.547886498687206313e+03
2.562693012044604075e+03
2.579430773317950297e+03
2.597669136269175851e+03
2.618477716686437361e+03
2.641360083927213509e+03
2.665559568802105332e+03
2.689604817105625898e+03
2.711104586294052297e+03
2.731315391314867156e+03
2.750038753037475999e+03
2.768146783704129575e+03
2.784725940776873813e+03
2.801455553232633520e+03
2.819212376352712454e+03
2.836810414689000936e+03
2.855451804351670035e+03
2.874162642412914010e+03
2.893080771933812230e+03
2.911757781115365106e+03
2.930454019201991287e+03
2.950756483151457815e+03
2.972987170437753321e+03
2.995173923676465620e+03
3.016940304671752529e+03
3.035512215560107961e+03
3.052997240545180375e+03
3.071402315311350321e+03
3.091072226880159633e+03
3.112811177162606782e+03
3.134222611117017550e+03
3.154505353912935789e+03
3.175425815239334497e+03
3.195687236884048616e+03
3.214043497888033016e+03
3.232294169102470732e+03
3.251232522343792880e+03
3.270471651891854890e+03
3.290290551772463004e+03
3.309114373225196687e+03
3.326069198408157717e+03
3.342038487344755595e+03
3.358119483822425991e+03
3.374915922004126514e+03
3.394705834175495056e+03
3.418019913789983093e+03
3.441322418932921209e+03
3.463666470893560927e+03
3.487635935501001768e+03
3.511646899566157117e+03
3.537186347602598744e+03
3.561878429506768498e+03
3.583289891916337638e+03
3.600403685774777387e+03
3.617552626515672728e+03
3.634485396524265980e+03
3.653004097271642877e+03
3.673524034573365043e+03
3.696232903167640416e+03
3.718727429298028710e+03
3.743399088835383282e+03
3.769516657076904266e+03
3.795807651621908008e+03
3.819692368253742643e+03
3.843075384237808066e+03
3.865019106892280888e+03
3.886268742610212939e+03
3.906321896180973908e+03
3.928924034643074719e+03
3.956432826431215744e+03
3.983670008115412656e+03
4.009598357270352153e+03
4.032278500809336492e+03
4.055115639433283832e+03
4.078184135615537343e+03
4.101057052860463045e+03
4.123457890073133967e+03
4.147059573043035925e+03
4.172317825487008122e+03
4.198437529630015888e+03
4.225925145151341894e+03
4.252230185992679253e+03
4.276047376688731674e+03
4.297407108920811879e+03
4.316335036618203048e+03
4.336768896653960837e+03
4.360139962432618631e+03
4.382886060030914450e+03
4.404368121726119170e+03
4.425417546130714982e+03
4.444916450017347415e+03
4.465475586139748884e+03
4.488102475086513550e+03
4.513442898622890425e+03
4.540689839726135688e+03
4.569883400422960221e+03
4.600176809858917295e+03
4.632052025315577339e+03
4.660399712163060030e+03
4.684979749177214217e+03
4.709170282929003406e+03
4.731256366296416672e+03
4.752870831445521617e+03
4.771966463496648430e+03
4.792273102141120035e+03
4.813994417699162113e+03
4.835447461268431653e+03
4.856316026091729327e+03
4.878946623440161602e+03
4.905233407693371191e+03
4.935382250718037540e+03
4.968032523372902688e+03
5.000148631770994143e+03
5.032556806403355949e+03
5.064321594087819904e+03
5.095032107266468302e+03
5.122894319885020195e+03
5.147578489631168850e+03
5.170166678118580421e+03
5.191780725277068996e+03
5.216525496101400677e+03
5.241332060609031032e+03
5.266018143943179894e+03
5.290423175590754909e+03
5.312946205488165106e+03
5.338408772745176975e+03
5.366469562208882962e+03
5.395028233805219315e+03
5.419404986811637173e+03
5.445155578654505007e+03
5.474768405697936942e+03
5.506148511724537457e+03
5.538873786310947253e+03
5.567964045256970167e+03
5.591959660118095599e+03
5.615422141029711383e+03
5.638616221843256426e+03
5.662428231288292409e+03
5.684820495124072295e+03
5.705941605604066353e+03
5.727628422305916502e+03
5.751614190714094548e+03
5.778165276853091200e+03
5.808418235613239631e+03
5.839347594128769742e+03
5.870659261098793650e+03
5.900339372908705627e+03
5.929824557063796419e+03
5.958552290347897724e+03
5.987718430429979890e+03
6.015623617284267311e+03
6.042068980975682280e+03
6.066340885567158693e+03
6.092400648506532889e+03
6.119918600917127151e+03
6.150046869083509591e+03
6.177510867797497667e+03
6.207078605156811136e+03
6.239027767047480665e+03
6.270695083266979054e+03
6.300721839612550866e+03
6.330160650876016916e+03
6.357930869121815704e+03
6.386974392036983772e+03
6.418516112339460960e+03
6.451081004911077798e+03
6.481871517433018198e+03
6.509116908739394603e+03
6.534689768741917760e+03
6.563205305501162002e+03
6.592487879396689095e+03
6.619971304473600867e+03
6.646466571998956169e+03
6.674350822978050928e+03
6.706129033392532619e+03
6.739261157530823766e+03
6.773927457469192632e+03
6.810658278677016824e+03
6.848081714266943891e+03
6.883955836581706535e+03
6.919560091456841292e+03
6.956816398778701114e+03
6.995124416847750581e+03
7.032794222478957636e+03
7.066892689523122499e+03
7.101049903198581887e+03
7.135189581774539874e+03
7.167889426530246965e+03
7.198582411332899028e+03
7.229617557980019228e+03
7.262648263523753485e+03
7.297381471674527347e+03
7.328746346529048424e+03
7.358293905099036238e+03
7.385594138788512282e+03
7.411246413856020808e+03
7.437183855340363152e+03
7.466558652161830651e+03
7.497697121225538467e+03
7.527919198828101798e+03
7.557636037731984288e+03
7.587760144062371182e+03
7.619611002772977372e+03
7.651540637512486683e+03
7.682936782793381099e+03
7.712314019949509202e+03
7.743244856870801414e+03
7.777479696948328638e+03
7.814347602572279357e+03
7.850664447770691368e+03
7.884838301267377574e+03
7.916885492579840502e+03
7.950036984405511248e+03
7.985747753405326876e+03
8.024290271063769978e+03
8.061277919937326260e+03
8.096328630147811054e+03
8.130364439420434792e+03
8.167640226059142151e+03
